encounter:
  dimname: feeding_link
  values:
    Sf_Zoo: 2.288468513869030e+00
    Sp_Zoo: 2.288468513869030e+00
    Sd_Zoo: 2.288468513869030e+00
    Mf_Zoo: 2.971415978667423e-01
    Mf_Sf: 1.983675838639004e-06
    Mf_Sp: 1.983675838639004e-06
    Mf_Sd: 1.983675838639004e-06
    Mp_Zoo: 2.971415978667423e-01
    Mp_Sf: 1.983675838639004e-06
    Mp_Sp: 1.983675838639004e-06
    Mp_Sd: 1.983675838639004e-06
    Md_benthic_prey: 1.723213321615177e-04
    Lp_Mf: 2.861848945754904e-07
    Lp_Mp: 5.723697891509808e-07
    Lp_Md: 0.000000000000000e+00
    Ld_Mf: 8.926744955729175e-08
    Ld_Mp: 1.785348991145835e-07
    Ld_Md: 2.380465321527780e-07
    Ld_benthic_prey: 4.995488135856137e-05

consumption:
  dimname: feeding_link
  values:
    Sf_Zoo: 2.151958492072912e-01
    Sp_Zoo: 2.151958492072912e-01
    Sd_Zoo: 2.151958492072912e-01
    Mf_Zoo: 4.296741214460244e-02
    Mf_Sf: 2.868444469976775e-07
    Mf_Sp: 2.868444469976775e-07
    Mf_Sd: 2.868444469976775e-07
    Mp_Zoo: 4.296741214460244e-02
    Mp_Sf: 2.868444469976775e-07
    Mp_Sp: 2.868444469976775e-07
    Mp_Sd: 2.868444469976775e-07
    Md_benthic_prey: 1.709050112588207e-04
    Lp_Mf: 2.861617663580443e-07
    Lp_Mp: 5.723235327160886e-07
    Lp_Md: 0.000000000000000e+00
    Ld_Mf: 8.825937692580962e-08
    Ld_Mp: 1.765187538516192e-07
    Ld_Md: 2.353583384688257e-07
    Ld_benthic_prey: 4.939075469250060e-05

ingestion:
  dimname: fish
  values:
    Sf: 2.151958492072912e-01
    Sp: 2.151958492072912e-01
    Sd: 2.151958492072912e-01
    Mf: 4.296827267794345e-02
    Mp: 4.296827267794345e-02
    Md: 1.709050112588207e-04
    Lp: 8.584852990741328e-07
    Ld: 4.989089116174686e-05

predation:
  dimname: fish
  values:
    Sf: 5.736888939953550e-07
    Sp: 5.736888939953550e-07
    Sd: 5.736888939953550e-07
    Mf: 3.744211432838540e-07
    Mp: 7.488422865677080e-07
    Md: 2.353583384688257e-07
    Lp: 0.000000000000000e+00
    Ld: 0.000000000000000e+00

mortality:
  dimname: fish
  values:
    Sf: 2.739726027397261e-04
    Sp: 2.739726027397261e-04
    Sd: 2.739726027397261e-04
    Mf: 2.739726027397261e-04
    Mp: 2.739726027397261e-04
    Md: 2.739726027397261e-04
    Lp: 2.739726027397261e-04
    Ld: 2.739726027397261e-04

fishing:
  dimname: fish
  values:
    Sf: 0.000000000000000e+00
    Sp: 0.000000000000000e+00
    Sd: 0.000000000000000e+00
    Mf: 8.219178082191779e-04
    Mp: 8.219178082191781e-05
    Md: 8.219178082191781e-05
    Lp: 8.219178082191779e-04
    Ld: 8.219178082191779e-04

avail_energy:
  dimname: fish
  values:
    Sf: 1.076744393693810e-01
    Sp: 1.076744393693810e-01
    Sd: 1.076744393693810e-01
    Mf: 1.559769751376419e-02
    Mp: 1.559769751376419e-02
    Md: -4.254790406845671e-03
    Lp: -4.879756276757380e-03
    Ld: -1.448824004263413e-03

growth:
  dimname: fish
  values:
    Sf: 1.076185680037991e-01
    Sp: 1.076185680037991e-01
    Sd: 1.076185680037991e-01
    Mf: 0.000000000000000e+00
    Mp: 1.527600505269592e-02
    Md: 0.000000000000000e+00
    Lp: 0.000000000000000e+00
    Ld: 0.000000000000000e+00

reproduction:
  dimname: fish
  values:
    Sf: 0.000000000000000e+00
    Sp: 0.000000000000000e+00
    Sd: 0.000000000000000e+00
    Mf: 1.453369870481072e-02
    Mp: 0.000000000000000e+00
    Md: 0.000000000000000e+00
    Lp: 0.000000000000000e+00
    Ld: 0.000000000000000e+00

recruitment:
  dimname: fish
  values:
    Sf: 1.453369870481072e-09
    Sp: 0.000000000000000e+00
    Sd: 0.000000000000000e+00
    Mf: 1.076185680037991e-06
    Mp: 1.076185680037991e-06
    Md: 1.076185680037991e-06
    Lp: 1.527600505269593e-07
    Ld: 0.000000000000000e+00

biomass:
  dimname: group
  values:
    Sf: 9.999266620609964e-06
    Sp: 9.997813250739482e-06
    Sd: 9.997813250739482e-06
    Mf: 1.107586301980650e-05
    Mp: 1.107583347239019e-05
    Md: 1.103007377855053e-05
    Lp: 1.009300358364980e-05
    Ld: 9.974552855847778e-06
    benthic_prey: 2.098534303641961e-03
