encounter:
  dimname: feeding_link
  values:
    Sf_Zoo: 2.288468513869030e+00
    Sp_Zoo: 2.288468513869030e+00
    Sd_Zoo: 2.288468513869030e+00
    Mf_Zoo: 2.971415978667423e-01
    Mf_Sf: 1.983675838639004e-06
    Mf_Sp: 1.983675838639004e-06
    Mf_Sd: 1.983675838639004e-06
    Mp_Zoo: 2.971415978667423e-01
    Mp_Sf: 1.983675838639004e-06
    Mp_Sp: 1.983675838639004e-06
    Mp_Sd: 1.983675838639004e-06
    Md_benthic_prey: 1.723213321615177e-04
    Lp_Mf: 2.861848945754904e-07
    Lp_Mp: 5.723697891509808e-07
    Lp_Md: 0.000000000000000e+00
    Ld_Mf: 8.926744955729175e-08
    Ld_Mp: 1.785348991145835e-07
    Ld_Md: 2.380465321527780e-07
    Ld_benthic_prey: 4.995488135856137e-05

consumption:
  dimname: feeding_link
  values:
    Sf_Zoo: 2.151958492072912e-01
    Sp_Zoo: 2.151958492072912e-01
    Sd_Zoo: 2.151958492072912e-01
    Mf_Zoo: 4.296741214460244e-02
    Mf_Sf: 2.868444469976775e-07
    Mf_Sp: 2.868444469976775e-07
    Mf_Sd: 2.868444469976775e-07
    Mp_Zoo: 4.296741214460244e-02
    Mp_Sf: 2.868444469976775e-07
    Mp_Sp: 2.868444469976775e-07
    Mp_Sd: 2.868444469976775e-07
    Md_benthic_prey: 1.709050112588207e-04
    Lp_Mf: 2.861617663580443e-07
    Lp_Mp: 5.723235327160886e-07
    Lp_Md: 0.000000000000000e+00
    Ld_Mf: 8.825937692580962e-08
    Ld_Mp: 1.765187538516192e-07
    Ld_Md: 2.353583384688257e-07
    Ld_benthic_prey: 4.939075469250060e-05

ingestion:
  dimname: fish
  values:
    Sf: 2.151958492072912e-01
    Sp: 2.151958492072912e-01
    Sd: 2.151958492072912e-01
    Mf: 4.296827267794345e-02
    Mp: 4.296827267794345e-02
    Md: 1.709050112588207e-04
    Lp: 8.584852990741328e-07
    Ld: 4.989089116174686e-05
