encounter:
  dimname: feeding_link
  values:
    Sf_Zoo:   2.288468513869030
    Sp_Zoo:   2.288468513869030
    Sd_Zoo:   2.288468513869030
    Mf_Zoo:   0.297141597866742
    Mf_Sf:     1.983675838639004e-06
    Mf_Sp:     1.983675838639004e-06
    Mf_Sd:     1.983675838639004e-06
    Mp_Zoo:   0.297141597866742
    Mp_Sf:     1.983675838639004e-06
    Mp_Sp:     1.983675838639004e-06
    Mp_Sd:     1.983675838639004e-06
    Md_benthic_prey:     1.723213321615177e-04
    Lp_Mf:     5.723697891509808e-07
    Lp_Mp:     5.723697891509808e-07
    Lp_Md:     0
    Ld_Mf:     2.389065950595981e-07
    Ld_Mp:     2.389065950595981e-07
    Ld_Md:     2.389065950595981e-07
    Ld_benthic_prey:     5.013536850988658e-05
consumption:
  dimname: feeding_link
  values:
    Sf_Zoo:   0.215195849207291
    Sp_Zoo:   0.215195849207291
    Sd_Zoo:   0.215195849207291
    Mf_Zoo:   0.042967412144602
    Mf_Sf:     2.868444469976775e-07
    Mf_Sp:     2.868444469976775e-07
    Mf_Sd:     2.868444469976775e-07
    Mp_Zoo:   0.042967412144602
    Mp_Sf:     2.868444469976775e-07
    Mp_Sp:     2.868444469976775e-07
    Mp_Sd:     2.868444469976775e-07
    Md_benthic_prey:     1.709050112588207e-04
    Lp_Mf:     5.723081155658549e-07
    Lp_Mp:     5.723081155658549e-07
    Lp_Md:     0
    Ld_Mf:     2.361976788371800e-07
    Ld_Mp:     2.361976788371800e-07
    Ld_Md:     2.361976788371800e-07
    Ld_benthic_prey:     4.956689314804292e-05
